46 46 1 63
0000000000000000000000000000000000000000000000
0000010000000000000000000000100000000000000000
0000000000110000000000010000100000001000000000
0000000000110000000000010000100000000000000000
0010000010000000000000010000101000000000000000
0000000001000000000000010000010000000000000000
1000000001000000100000010001010000000010000000
1000000010000000000000000000001000010000000000
1000000000000000000000111000010000000000000000
1101000000000000000001011100100000000000000000
0000001000000000000011001110010000000000000000
0000011000000000000111011111000100000001000000
0000011000000000000101100011100000000001000000
0111111111111111111111111111111111111110000010
0010000000000000011111111111110000000000001000
0000000000000000111111111111011000000000100000
1000100000000001111111110111111100010000000000
1000000000000011111111111111110010000000000000
1000010100000111111111111111111111000000000100
1000000000001110111011111011111111100100000000
0010000100011111111111111111111111110000010000
0000000000111111111111111111010111111100000010
0111111111111111111111111111111111111110000010
0000000011111101111111111111111111111110000000
0001111111111111111111111110011111111111111100
0000000011111111111111110111101111111110000000
1000000001111111111111111111111111011100000000
1000001000111111110111111111100111111000010000
1000000000011111111111111111100101110000000000
1000000000001111011111111111111101100000001000
0111111111111111111111111111111111111110000010
0000000000000111111111111111111101000001100000
0100000000000011111111111111111100000000000000
0000010000000001111111111111111100000000100000
0000110100000000000000000000000000000000000000
0000000000000000011100100100110000000000000000
1000000000010000001111000111100000000000000000
1000010000000000000111110111000000000000000000
1000000100000000000011111110000000000000000000
1000000000000000000001111100000000000000000000
0001110000001000000000111000000000010000100000
0001000000111000000000010000000000000000000000
0001111000000000000000010000000000100000000000
0001000000000010000000010000000001100010000100
0001001001000000000000010000000000000000000000
0001000000000000000000000000000000000000000000
