46 46 1 63
1 1 2 3 4 4 2 2 3 4 4 2 2 3 4 4 2 2 3 4 4 2 2 3 4 4 2 2 3 4 4 2 2 3 4 4 2 2 3 4 4 2 2 3 4 5 
1 2 2 3 4 4 2 2 3 4 4 2 2 3 4 4 2 2 3 4 4 2 2 3 4 4 2 2 4 5 4 2 2 3 4 4 2 2 3 4 4 2 2 3 4 5 
2 2 2 3 4 4 2 2 3 4 5 5 3 3 4 4 2 2 3 4 4 2 2 4 5 4 2 2 4 5 4 2 2 3 4 4 2 2 3 4 4 2 2 3 4 5 
3 2 2 3 4 4 2 2 3 4 5 5 3 3 4 4 2 2 3 4 4 2 2 4 5 4 2 2 4 5 4 2 2 3 4 4 2 2 3 4 4 2 2 3 4 5 
4 2 2 3 4 4 2 2 3 5 5 2 2 3 4 4 2 2 3 4 4 2 2 4 5 4 2 2 4 5 4 2 2 3 4 4 2 2 3 4 4 2 2 3 4 5 
5 2 2 3 4 4 2 2 3 5 5 2 2 3 4 4 2 2 3 4 4 2 2 4 5 4 2 2 4 5 5 2 2 3 4 4 2 2 3 4 4 2 2 3 4 5 
6 2 2 3 4 4 2 2 3 5 5 2 2 3 4 4 2 2 3 4 4 2 2 4 5 4 2 2 3 5 5 2 2 3 4 4 2 2 3 4 4 2 2 3 4 5 
7 2 2 3 4 4 2 2 3 5 4 2 2 3 4 4 2 2 3 4 4 2 2 4 5 4 2 2 3 5 5 2 2 3 4 4 2 2 3 4 4 2 2 3 4 5 
9 2 2 3 4 4 2 2 3 4 4 2 2 3 4 4 2 2 3 4 4 5 4 38 38 5 2 2 3 5 4 2 2 3 4 4 2 2 3 4 4 2 2 3 4 5 
9 2 2 3 4 4 2 2 3 4 4 2 2 3 4 4 2 2 3 4 5 5 33 41 48 48 2 2 3 5 5 2 2 3 4 4 2 2 3 4 4 2 2 3 4 5 
2 2 2 3 4 5 5 3 3 4 4 2 2 3 4 4 2 2 3 4 48 33 8 8 48 48 48 3 4 5 5 2 2 3 4 4 2 2 3 4 4 2 2 3 4 5 
1 2 2 3 4 11 11 3 3 4 4 2 2 3 4 4 2 2 3 4 33 8 8 4 8 48 48 8 4 5 5 2 2 3 4 4 2 2 3 5 5 2 2 3 4 5 
3 2 3 4 23 28 29 28 4 5 5 5 3 4 5 5 5 3 8 48 48 41 8 8 34 34 32 30 8 5 5 5 3 4 5 5 5 3 4 5 5 2 2 3 4 5 
4 4 3 4 5 24 27 3 4 5 5 5 3 4 5 5 5 40 48 48 48 41 38 38 34 34 32 31 30 25 5 5 3 4 5 5 5 3 4 5 4 2 2 3 4 5 
5 5 3 4 5 5 5 3 4 5 5 5 3 4 5 5 40 48 48 48 48 48 48 48 48 48 48 48 48 30 28 5 3 4 5 5 5 3 4 4 4 2 2 3 4 5 
5 2 2 3 4 4 2 2 3 4 4 2 2 3 4 5 48 48 48 48 48 48 48 48 48 48 48 48 48 48 48 2 2 3 4 4 2 2 3 4 4 2 2 3 4 5 
6 2 2 3 4 4 2 2 3 4 4 2 2 3 4 48 48 48 48 48 48 45 48 48 48 48 48 48 48 48 48 4 3 3 4 4 2 2 3 4 4 2 2 3 4 5 
7 2 2 3 4 4 2 2 3 4 4 2 2 3 48 48 48 48 48 48 48 45 48 48 48 48 48 48 48 48 48 48 48 4 4 4 2 2 3 4 4 2 2 3 4 5 
8 2 2 3 4 4 2 2 3 4 4 2 2 48 48 48 48 48 48 48 48 48 48 48 48 48 48 48 48 47 8 48 48 48 5 4 2 2 3 4 4 2 2 3 4 5 
1 2 2 3 4 4 5 3 4 4 4 5 48 48 48 48 48 48 48 48 48 48 48 48 48 48 48 48 48 47 48 48 48 48 48 5 2 2 3 4 4 2 2 3 4 5 
1 2 2 3 4 4 2 2 3 4 5 48 48 48 48 48 48 48 48 48 48 48 48 48 48 48 48 48 48 8 48 48 48 48 48 48 12 3 4 4 4 2 2 3 4 5 
2 2 3 4 5 5 5 3 4 5 32 48 48 48 48 48 48 48 48 48 48 48 48 42 48 48 48 32 30 25 28 28 48 48 48 38 18 13 4 4 4 2 2 3 5 5 
3 2 3 4 5 5 5 3 29 32 48 48 48 48 48 40 48 48 48 58 58 48 41 41 42 48 48 32 28 24 25 28 48 48 48 48 48 48 13 5 4 2 2 3 5 5 
4 3 3 22 24 27 28 31 31 43 48 48 48 48 48 41 48 48 48 58 58 48 45 41 40 48 40 31 28 28 28 30 48 48 48 48 48 48 38 13 5 5 3 4 5 5 
4 2 2 3 5 5 5 42 48 48 48 48 48 48 48 48 48 48 48 48 48 48 48 48 48 48 48 48 24 24 48 48 48 48 48 48 48 48 48 38 5 5 3 4 4 5 
5 2 2 3 5 5 5 3 43 48 48 48 48 48 48 48 48 48 48 48 48 48 48 48 48 48 48 48 8 8 48 48 48 48 48 48 48 48 48 5 5 5 3 4 4 5 
6 2 2 3 4 4 2 2 3 48 48 48 48 48 48 48 48 48 48 48 48 48 48 48 48 48 48 48 48 8 8 48 48 48 48 48 48 48 4 4 4 2 2 3 4 5 
7 2 2 3 4 4 2 2 3 4 48 48 48 48 48 48 48 48 28 28 48 48 48 48 48 48 48 48 48 8 8 8 48 48 48 48 48 3 3 4 4 2 2 3 4 5 
8 2 2 3 4 4 2 2 3 4 5 48 48 48 48 48 48 48 48 28 48 48 48 48 48 48 48 48 48 48 8 8 8 48 48 48 2 2 3 4 4 5 3 3 4 5 
9 2 3 4 5 5 5 3 4 5 5 34 48 48 48 48 48 48 48 48 48 48 48 48 48 48 48 48 48 30 25 8 22 24 48 18 5 3 4 4 4 2 2 3 4 5 
2 2 3 4 5 5 5 3 4 5 5 5 34 48 48 48 48 48 48 48 48 48 48 48 48 48 48 48 48 48 28 24 22 22 20 5 5 3 4 5 4 2 2 3 4 5 
2 2 3 4 5 5 5 3 4 5 5 5 3 35 48 48 48 48 48 48 48 48 48 48 48 48 48 48 48 48 28 24 8 4 5 5 5 3 4 5 4 2 2 3 4 5 
3 2 2 3 4 4 2 2 3 4 4 2 2 3 48 48 48 48 48 48 48 48 48 48 48 48 48 48 48 48 48 8 4 4 4 4 2 2 3 4 4 2 2 3 4 5 
4 2 2 3 4 4 2 2 3 4 4 2 2 3 4 48 48 42 42 43 43 48 42 48 43 48 44 48 44 48 28 4 3 3 4 4 2 2 3 4 4 2 2 3 4 5 
4 2 2 3 4 4 2 2 3 4 4 2 2 3 4 4 5 41 42 42 4 4 4 4 4 4 4 4 8 8 5 2 2 3 4 4 2 2 3 4 4 2 2 3 4 5 
5 2 2 3 4 4 2 2 3 4 4 2 2 3 4 4 4 4 48 8 4 4 4 4 4 4 4 4 4 5 4 2 2 3 4 4 2 2 3 4 4 2 2 3 4 5 
6 2 2 3 4 4 2 2 3 4 4 2 2 3 4 4 2 2 48 48 48 8 8 4 5 38 48 8 8 5 4 2 2 3 4 4 2 2 3 4 4 2 2 3 4 5 
7 2 2 3 4 4 2 2 3 4 4 2 2 3 4 4 2 2 3 38 48 48 48 8 48 48 48 38 4 4 4 2 2 3 4 4 2 2 3 4 4 2 2 3 4 5 
8 2 2 3 4 4 2 2 3 4 4 2 2 3 4 4 2 2 3 4 48 48 48 48 48 48 48 3 3 4 4 2 2 3 4 4 2 2 3 4 4 2 2 3 4 5 
1 2 2 3 5 4 2 2 3 4 4 2 2 3 4 4 2 2 3 4 5 48 48 48 48 48 2 2 3 4 4 2 2 3 4 4 2 2 3 4 4 2 2 3 4 5 
1 2 2 4 5 4 2 2 3 4 4 5 3 4 4 4 2 2 3 4 4 5 48 48 48 5 2 2 3 4 4 2 2 3 4 4 2 2 3 4 4 2 2 3 4 5 
1 2 2 43 44 44 2 2 3 4 4 5 3 4 4 4 2 2 3 4 4 2 2 48 5 4 2 2 3 4 4 2 2 3 4 4 2 2 3 4 4 2 2 3 4 5 
2 2 2 4 43 5 2 2 3 4 4 5 3 3 4 4 2 2 3 4 4 2 2 4 5 4 2 2 3 4 4 2 2 3 5 5 2 2 3 4 4 2 2 3 4 5 
3 2 2 4 43 5 5 3 3 4 4 2 2 3 4 4 2 2 3 4 4 2 2 4 5 4 2 2 3 4 4 2 2 3 5 5 2 2 3 4 4 2 2 3 4 5 
4 2 2 4 5 4 2 2 3 4 4 2 2 3 4 4 2 2 3 4 4 2 2 4 5 4 2 2 3 4 4 2 2 3 5 4 2 2 3 4 4 2 2 3 4 5 
5 2 2 4 5 4 2 2 3 4 4 2 2 3 4 4 2 2 3 4 4 2 2 3 4 4 2 2 3 4 4 2 2 3 4 4 2 2 3 4 4 2 2 3 4 5 
