Distance pass 1 
                                                                                 
                                                                                
                                                                                
                                                                                
                                                                                
           1 1 1 1 1 1 1 1 1 1 1 1 1 1 1 1 1 1 1 1 1 1 1 1 1 1 1 1 1 1          
           1 2 2 2 2 2 2 2 2 2 2 2 2 2 2 2 2 2 2 2 2 2 2 2 2 2 2 2 2 1          
           1 2 3 3 3 3 3 3 3 3 3 3 3 3 3 3 3 3 3 3 3 3 3 3 3 3 3 3 2 1          
           1 2 3 4 4 4 4 4 4 4 4 4 4 4 4 4 4 4 4 4 4 4 4 4 4 4 4 3 2 1          
           1 2 3 4 5 5 5 5 5 5 5 5 5 5 5 5 5 5 5 5 5 5 5 5 5 5 4 3 2 1          
           1 2 3 4 5 6 6 6 6 6 6 6 6 6 6 6 6 6 6 6 6 6 6 6 6 5 4 3 2 1          
           1 2 3 4 5 6 7 7 7 7 7 7 7 7 7 7 7 7 7 7 7 7 7 7 6 5 4 3 2 1          
           1 2 3 4 5 6 7 8 8 8 8 8 8 8 8 8 8 8 8 8 8 8 8 7 6 5 4 3 2 1          
           1 2 3 4 5 6 7 8 9 9 9 9 9 9 9 9 9 9 9 9 9 9 8 7 6 5 4 3 2 1          
           1 2 3 4 5 6 7 8 9101010101010101010101010 9 8 7 6 5 4 3 2 1          
           1 2 3 4 5 6 7 8 9101111111111111111111110 9 8 7 6 5 4 3 2 1          
           1 2 3 4 5 6 7 8 9101112121212121212121110 9 8 7 6 5 4 3 2 1          
           1 2 3 4 5 6 7 8 9101112131313131313121110 9 8 7 6 5 4 3 2 1          
           1 2 3 4 5 6 7 8 9101112131414141413121110 9 8 7 6 5 4 3 2 1          
           1 2 3 4 5 6 7 8 9101112131415151413121110 9 8 7 6 5 4 3 2 1          
           1 2 3 4 5 6 7 8 9101112131415151413121110 9 8 7 6 5 4 3 2 1          
           1 2 3 4 5 6 7 8 9101112131415151413121110 9 8 7 6 5 4 3 2 1          
           1 2 3 4 5 6 7 8 9101112131415151413121110 9 8 7 6 5 4 3 2 1          
           1 2 3 4 5 6 7 8 9101112131415151413121110 9 8 7 6 5 4 3 2 1          
           1 2 3 4 5 6 7 8 9101112131415151413121110 9 8 7 6 5 4 3 2 1          
                                                                                
                                                                                
                                                                                
                                                                                
                                                                                



Distance pass 2 
                                                                                 
                                                                                
                                                                                
                                                                                
                                                                                
           1 1 1 1 1 1 1 1 1 1 1 1 1 1 1 1 1 1 1 1 1 1 1 1 1 1 1 1 1 1          
           1 2 2 2 2 2 2 2 2 2 2 2 2 2 2 2 2 2 2 2 2 2 2 2 2 2 2 2 2 1          
           1 2 3 3 3 3 3 3 3 3 3 3 3 3 3 3 3 3 3 3 3 3 3 3 3 3 3 3 2 1          
           1 2 3 4 4 4 4 4 4 4 4 4 4 4 4 4 4 4 4 4 4 4 4 4 4 4 4 3 2 1          
           1 2 3 4 5 5 5 5 5 5 5 5 5 5 5 5 5 5 5 5 5 5 5 5 5 5 4 3 2 1          
           1 2 3 4 5 6 6 6 6 6 6 6 6 6 6 6 6 6 6 6 6 6 6 6 6 5 4 3 2 1          
           1 2 3 4 5 6 7 7 7 7 7 7 7 7 7 7 7 7 7 7 7 7 7 7 6 5 4 3 2 1          
           1 2 3 4 5 6 7 8 8 8 8 8 8 8 8 8 8 8 8 8 8 8 8 7 6 5 4 3 2 1          
           1 2 3 4 5 6 7 8 9 9 9 9 9 9 9 9 9 9 9 9 9 9 8 7 6 5 4 3 2 1          
           1 2 3 4 5 6 7 8 9101010101010101010101010 9 8 7 6 5 4 3 2 1          
           1 2 3 4 5 6 7 8 9101010101010101010101010 9 8 7 6 5 4 3 2 1          
           1 2 3 4 5 6 7 8 9 9 9 9 9 9 9 9 9 9 9 9 9 9 8 7 6 5 4 3 2 1          
           1 2 3 4 5 6 7 8 8 8 8 8 8 8 8 8 8 8 8 8 8 8 8 7 6 5 4 3 2 1          
           1 2 3 4 5 6 7 7 7 7 7 7 7 7 7 7 7 7 7 7 7 7 7 7 6 5 4 3 2 1          
           1 2 3 4 5 6 6 6 6 6 6 6 6 6 6 6 6 6 6 6 6 6 6 6 6 5 4 3 2 1          
           1 2 3 4 5 5 5 5 5 5 5 5 5 5 5 5 5 5 5 5 5 5 5 5 5 5 4 3 2 1          
           1 2 3 4 4 4 4 4 4 4 4 4 4 4 4 4 4 4 4 4 4 4 4 4 4 4 4 3 2 1          
           1 2 3 3 3 3 3 3 3 3 3 3 3 3 3 3 3 3 3 3 3 3 3 3 3 3 3 3 2 1          
           1 2 2 2 2 2 2 2 2 2 2 2 2 2 2 2 2 2 2 2 2 2 2 2 2 2 2 2 2 1          
           1 1 1 1 1 1 1 1 1 1 1 1 1 1 1 1 1 1 1 1 1 1 1 1 1 1 1 1 1 1          
                                                                                
                                                                                
                                                                                
                                                                                
                                                                                



Distance pass 3
                                                                                
                                                                                
                                                                                
                                                                                
                                                                                
           1                                                         1          
             2                                                     2            
               3                                                 3              
                 4                                             4                
                   5                                         5                  
                     6                                     6                    
                       7                                 7                      
                         8                             8                        
                           9                         9                          
                            101010101010101010101010                            
                            101010101010101010101010                            
                           9                         9                          
                         8                             8                        
                       7                                 7                      
                     6                                     6                    
                   5                                         5                  
                 4                                             4                
               3                                                 3              
             2                                                     2            
           1                                                         1          
                                                                                
                                                                                
                                                                                
                                                                                
                                                                                
