46 46 1 63
0000000000000000000000000000000000000000000000
0000010000000000000000000000100000000000000000
0000000000110000000000010000100000000000000000
0000000000110000000000010000100000000000000000
0000000010000000000000010000101000000000000000
0000000001000000000000010000010000000000000000
0000000001000000000000010000010000000010000000
0000000010000000000000000000001000010000000000
0000000000000000000000111000010000000000000000
0001000000000000000001011100100000000000000000
0000000000000000000011001110010000000000000000
0000011000000000000111001111000000000000000000
0000011000000000000000000000000000000001000000
0000000010111111111111111111000000000000000000
0000000000000000011110111111110000000000001000
0000000000000000111111111111011000000000100000
0000000000000001111111110111111100010000000000
0000000000000011111111111111110010000000000000
0000000000000111111111111111100111000000000000
0000000000001110111011111011110111100000000000
0010000000011111111101111111011011110000000000
0000000000111111111111111111000111111100000000
0000000010111111111111111111000000000000000000
0000000011111101111111111111000111111110000000
0001111110111111111111111110010111011111101100
0000000011111111111111110111001111101110000000
0000000001101111101111111111100111011100000000
0000000000111111110001111111100011111000000000
0000000000011111110011111101100001110000000000
0000000000001111011111101111111001100000000000
0000000010111111111111111111000000000000000000
0000000000000111110111111111011001000000000000
0000000000000011111111111111111000000000000000
0000000000000001111111111111101100000000100000
0000110100000000000000000000000000000000000000
0000000000000000011100000100010000000000000000
0000000000000000001101000110100000000000000000
0000010000000000000111100111000000000000000000
0000000000000000000011111110000000000000000000
0000000000000000000001101100000000000000000000
0001110000000000000000111000000000010000100000
0001000000110000000000010000000000000000000000
0001111000000000000000010000000000100000000000
0001000000000000000000010000000001100010000100
0001000001000000000000010000000000000000000000
0001000000000000000000000000000000000000000000
