46 46 1 54
0000000000000000000000000000000000000000000000
0000000000000000000000000000000000000000000000
0000000000000000000000000000000000000000000000
0000000000000000000000000000000000000000000000
0000000000000000000000000000000000000000000000
0000000000000000000000000000000000000000000000
0000000000000000000000000000000000000000000000
0000000000000000000000000000000000000000000000
0000000000000000000000000000000000000000000000
0000000000000000000000000000000000000000000000
0000000000000000000000000100000000000000000000
0000000000000000000000000000000000000000000000
0000000000000000000000000000000000000000000000
0000000000000000000000000000000000000000000000
0000000000000000011111111110000000000000000000
0000000000000000011111111111100000000000000000
0000000000000000111111111111100000000000000000
0000000000000001111111111111100000000000000000
0000000000000001111111111111100000000000000000
0000000000000111111111111111100011000000000000
0000000000001111111111111111000011100000000000
0000000000011111111111111110000000000000000000
0000000000011110111111111110000010000000000000
0000000000111010111111111110000010000000000000
0000000001111111111111111110000111111100000000
0000000000111111111111111110000110001100000000
0000000000011111110011111111000011111000000000
0000000000011111100001111111000000100000000000
0000000000001111100001111111000000100000000000
0000000000000111111111111111000000000000000000
0000000000000011111111111110000000000000000000
0000000000000001111111111110000000000000000000
0000000000000001111111111111110000000000000000
0000000000000000000000000000000000000000000000
0000000000000000000000000000000000000000000000
0000000000000000000000000000000000000000000000
0000000000000000000000000000000000000000000000
0000000000000000000000000000000000000000000000
0000000000000000000001100000000000000000000000
0000000000000000000000111000000000000000000000
0000000000000000000000000000000000000000000000
0000000000000000000000000000000000000000000000
0000000000000000000000000000000000000000000000
0000000000000000000000000000000000000000000000
0000000000000000000000000000000000000000000000
0000000000000000000000000000000000000000000000
