46 46 1 54
1 1 2 3 9 8 8 2 3 4 3 2 2 3 4 3 2 2 3 4 3 2 2 3 4 3 2 6 7 8 3 2 2 3 4 3 2 2 3 4 3 2 2 3 4 4 
1 1 2 3 9 8 8 2 3 8 13 12 7 3 4 3 2 2 3 4 3 2 7 8 9 3 2 10 11 12 3 2 2 3 4 4 3 3 3 4 3 2 2 3 4 4 
2 2 2 3 9 8 8 2 3 14 24 23 13 3 4 3 2 2 3 4 3 2 12 13 14 3 2 15 16 17 3 2 2 3 4 4 3 3 3 4 3 2 2 3 4 4 
3 4 4 5 4 3 2 6 7 18 24 23 13 3 4 3 2 2 3 4 3 2 15 16 17 3 2 15 16 20 6 6 2 3 4 4 3 3 3 4 3 2 2 3 4 4 
3 4 4 5 4 3 2 6 11 18 18 13 7 3 4 3 2 2 3 4 3 2 15 16 17 3 2 10 16 20 11 6 2 3 4 3 2 2 3 4 3 2 2 3 4 4 
4 5 4 5 4 3 2 6 16 17 12 2 2 3 4 4 3 2 3 4 3 2 14 15 16 3 3 7 17 20 15 6 2 3 4 3 2 5 6 7 3 2 2 3 4 4 
5 3 2 3 4 3 2 7 17 18 12 2 2 3 4 4 3 2 3 4 3 2 10 11 12 3 3 3 13 17 16 7 2 3 9 8 8 5 6 7 3 2 2 3 4 4 
5 3 2 3 4 3 2 7 13 14 7 2 2 3 4 4 3 2 3 4 3 7 14 20 16 8 3 3 13 17 16 7 2 3 9 8 8 5 6 7 3 2 2 3 4 4 
7 5 7 7 8 3 2 7 8 9 3 2 2 3 4 3 2 2 3 4 8 13 21 27 27 17 7 6 11 17 12 7 2 3 9 8 8 2 3 4 3 2 2 3 4 4 
5 4 7 7 8 4 3 3 3 4 3 2 2 3 4 3 2 2 3 8 16 21 25 31 36 32 17 11 16 17 12 2 2 3 4 3 2 2 3 4 3 2 2 3 4 4 
4 3 7 7 12 14 13 8 3 4 3 2 2 3 4 3 2 2 7 18 31 26 22 23 37 42 32 22 17 12 9 4 4 3 4 3 2 2 4 5 4 2 2 3 4 4 
1 1 2 3 14 25 24 14 3 4 3 2 2 3 4 3 2 2 8 18 27 22 13 13 23 33 29 19 13 9 9 4 4 3 4 3 2 2 8 9 8 2 2 3 4 4 
4 6 8 9 20 32 32 22 12 13 12 13 12 13 14 14 15 17 26 33 37 29 23 21 24 29 29 24 18 12 13 12 11 9 9 8 7 6 11 10 8 2 2 4 5 5 
5 8 10 11 16 22 22 16 12 13 12 13 12 13 14 14 20 28 36 38 33 30 28 30 27 27 27 29 28 22 16 10 9 9 9 8 7 6 10 9 7 6 5 7 5 5 
5 9 10 11 10 11 11 11 12 13 12 13 12 13 14 20 31 43 51 52 46 44 41 44 42 41 41 37 37 31 25 15 9 9 9 8 7 6 5 10 8 11 5 7 5 5 
4 5 4 6 5 4 2 2 3 4 3 2 2 3 8 18 33 42 46 46 41 41 41 41 41 41 46 42 42 38 32 17 7 3 9 8 7 2 3 9 8 11 5 6 4 4 
5 3 2 4 5 4 2 2 3 4 3 2 2 7 17 32 42 46 46 45 45 45 45 41 42 43 47 42 42 38 33 22 12 8 9 8 7 2 3 9 8 8 2 3 4 4 
5 3 2 4 6 5 4 3 4 4 3 2 7 17 32 42 48 48 47 45 45 45 47 44 45 44 47 47 43 34 29 28 28 18 14 8 7 2 3 4 3 2 3 4 5 4 
6 4 2 3 5 4 4 3 4 4 3 7 17 32 37 42 43 48 43 42 42 47 49 50 46 44 43 47 43 29 24 29 38 33 18 8 3 3 4 4 3 2 3 4 5 4 
4 8 7 8 5 4 6 4 5 4 8 18 33 44 44 43 44 49 44 40 39 44 48 51 46 44 43 43 39 30 32 36 45 43 33 17 8 3 4 4 4 3 4 4 5 4 
3 8 7 8 4 3 3 3 4 8 18 34 45 50 44 42 42 47 42 40 39 43 46 46 42 43 43 39 34 24 32 36 45 46 42 31 23 13 9 4 4 3 3 4 5 5 
3 11 14 15 10 11 12 12 13 17 28 39 45 45 45 43 45 47 50 50 47 44 44 43 43 43 43 33 28 22 29 33 38 38 37 31 27 16 10 5 4 3 3 5 6 6 
4 6 8 9 10 11 11 16 21 32 37 44 44 39 39 38 45 47 52 54 54 48 44 42 43 45 45 37 28 18 25 32 40 38 37 37 37 32 20 10 3 2 2 5 6 6 
5 6 13 18 24 24 25 30 31 37 39 44 44 38 39 38 44 47 50 54 53 49 44 43 42 44 39 32 28 25 32 34 40 34 34 33 37 36 29 23 16 15 15 14 10 5 
3 2 7 12 17 16 17 26 32 43 44 49 49 43 43 42 48 48 51 51 52 48 46 41 41 44 44 33 25 23 34 42 48 43 40 40 44 46 37 27 16 15 15 13 9 4 
4 3 7 12 17 16 17 21 27 38 40 44 44 47 47 46 44 44 46 49 48 49 49 44 41 42 42 33 24 22 32 41 48 38 35 35 44 41 32 22 16 15 15 13 9 4 
5 3 2 3 4 4 4 8 17 33 38 45 45 49 48 48 46 41 38 35 40 45 49 45 43 44 49 44 29 20 20 34 43 43 39 39 39 32 18 9 4 3 3 3 4 4 
5 3 2 3 4 4 4 3 7 18 29 40 45 49 48 48 44 37 28 27 34 45 49 50 48 46 45 45 34 19 10 20 34 38 43 38 32 17 8 4 4 3 3 3 4 4 
6 4 2 3 4 4 4 3 3 8 18 34 44 50 48 43 43 35 31 27 34 43 44 45 45 46 45 45 38 28 15 15 24 38 43 32 17 7 3 4 4 4 4 4 4 4 
7 7 8 9 10 11 11 11 12 13 18 28 38 43 43 39 41 41 44 45 46 48 42 41 40 39 39 39 37 31 22 17 21 29 33 23 12 6 5 5 3 3 3 5 5 5 
5 6 8 9 10 11 11 11 12 13 12 18 27 38 43 39 41 40 47 49 51 48 42 41 40 43 42 37 37 36 32 21 21 24 24 13 7 6 6 7 5 4 3 5 5 5 
5 7 9 9 10 11 11 11 12 13 12 13 17 28 38 44 46 45 47 49 51 48 46 44 43 43 42 37 37 36 32 21 16 14 14 8 7 6 6 7 5 3 2 4 5 5 
3 3 3 3 5 4 3 2 3 4 3 2 7 17 33 43 47 43 42 43 46 47 46 47 46 47 47 43 40 41 36 24 14 8 9 3 2 2 4 11 11 9 2 3 4 4 
4 3 3 7 14 14 13 6 7 4 3 2 2 7 18 28 32 31 31 32 31 32 31 32 32 32 32 32 30 31 26 18 8 3 4 3 2 2 3 9 8 8 2 3 4 4 
3 2 2 7 14 14 13 6 7 4 3 2 2 3 8 13 22 26 32 28 22 17 17 18 22 22 22 18 21 21 20 12 7 3 4 3 2 2 3 9 8 8 2 3 4 4 
4 3 2 7 13 13 12 6 7 4 4 4 3 3 4 3 8 17 29 25 19 9 9 4 13 18 18 14 14 14 8 2 2 3 4 3 2 2 3 4 3 2 2 3 4 4 
5 3 2 3 9 8 7 2 3 4 4 4 3 3 4 3 7 17 33 33 33 21 18 8 18 26 32 23 19 14 8 2 2 3 4 3 2 2 3 4 3 2 2 3 4 4 
5 3 2 3 9 8 8 3 4 4 4 4 3 3 4 3 2 7 17 27 37 36 32 22 28 36 37 27 13 9 3 2 2 3 4 3 2 2 3 4 3 2 2 3 4 4 
6 4 2 3 9 8 8 3 4 4 3 2 2 3 4 3 2 2 7 17 32 41 39 33 35 36 31 16 8 4 3 2 2 3 4 3 2 2 3 4 3 2 2 3 4 4 
4 3 6 12 17 12 8 3 4 4 3 3 3 4 4 3 2 2 3 8 18 33 39 44 39 32 17 7 3 4 3 2 2 3 9 8 8 2 3 9 8 8 2 3 4 4 
3 2 11 16 21 12 7 2 3 9 14 16 9 5 4 3 2 2 3 4 8 18 29 34 30 17 7 2 3 4 3 2 2 3 9 8 8 2 3 9 8 8 2 3 4 4 
1 1 15 25 35 26 17 7 3 9 14 16 9 5 4 3 2 2 3 4 3 7 22 28 23 8 2 2 3 4 3 2 2 7 13 13 8 2 3 9 8 8 2 3 4 4 
2 2 15 20 26 17 12 7 3 9 14 14 8 5 5 4 2 2 3 4 3 2 17 18 19 3 2 2 3 4 3 2 6 16 17 13 2 6 7 8 3 2 5 6 7 4 
3 2 15 20 26 18 13 8 7 8 7 2 2 4 5 4 2 2 3 4 3 2 17 18 19 3 2 2 3 4 3 2 6 16 17 13 2 6 7 8 3 2 5 6 7 4 
3 2 15 16 17 4 3 3 7 8 7 2 2 4 5 4 2 2 3 4 3 2 12 13 14 3 2 2 3 4 3 2 6 12 13 8 2 6 7 8 3 2 5 6 7 4 
4 2 15 16 17 4 3 3 7 8 7 2 2 3 4 3 2 2 3 4 3 2 7 8 9 3 2 2 3 4 3 2 2 3 4 3 2 2 3 4 3 2 2 3 4 4 
