46 46 1 63 
1 1 2 3 4 5 1 2 3 4 5 1 2 3 4 5 1 2 3 4 5 1 2 3 4 5 1 2 3 4 5 1 2 3 4 5 1 2 3 4 5 1 2 3 4 5
2 1 2 3 4 55 1 2 3 4 5 1 2 3 4 5 1 2 3 4 5 1 2 3 4 5 1 2 43 4 5 1 2 3 4 5 1 2 3 4 5 1 2 3 4 5
3 1 2 3 4 5 1 2 3 4 45 51 2 3 4 5 1 2 3 4 5 1 2 48 4 5 1 2 43 4 5 1 2 3 4 5 11 2 3 4 5 1 2 3 4 5
4 1 2 3 4 5 1 2 3 4 55 51 2 3 4 5 1 2 3 4 5 1 2 48 4 5 1 2 43 4 5 1 2 3 4 5 1 2 3 4 5 1 2 3 4 5
5 1 22 3 4 5 1 2 43 4 5 1 2 3 4 5 1 2 3 4 5 1 2 38 4 5 1 2 43 4 35 1 2 3 4 5 1 2 3 4 5 1 2 3 4 5
6 1 2 3 4 5 1 2 3 44 5 1 2 3 4 5 1 2 3 4 5 1 2 41 4 5 1 2 3 44 5 1 2 3 4 5 1 2 3 4 5 1 2 3 4 5
7 1 2 3 4 5 1 2 3 44 5 1 2 3 4 5 8 2 3 4 5 1 2 38 4 5 1 12 3 44 5 1 2 3 4 5 1 2 31 4 5 1 2 3 4 5
8 1 2 3 4 5 1 2 53 4 5 1 2 3 4 5 1 2 3 4 5 1 2 3 4 5 1 2 3 4 45 1 2 3 4 55 1 2 3 4 5 1 2 3 4 5
9 1 2 3 4 5 1 2 3 4 5 1 2 3 4 5 1 2 3 4 5 1 48 38 48 5 1 2 3 44 5 1 2 3 4 5 1 2 3 4 5 1 2 3 4 5
10 11 2 43 4 5 1 2 3 4 5 1 2 3 4 5 1 2 3 4 5 48 4 48 48 48 1 2 43 4 5 1 2 3 4 5 1 2 3 4 5 1 2 3 4 5
1 1 2 3 4 5 11 2 3 4 5 1 2 3 4 5 1 2 3 4 48 33 4 4 41 48 48 2 3 44 5 1 2 3 4 5 1 2 3 4 5 1 2 3 4 5
2 1 2 3 4 45 51 2 3 4 5 1 2 3 4 5 1 2 3 48 48 48 4 8 48 48 48 48 3 4 5 19 2 3 4 5 1 2 3 14 5 1 2 3 4 5
3 1 2 3 4 55 51 2 3 4 5 1 2 3 4 5 1 2 4 8 4 8 8 4 4 4 8 8 8 4 5 1 2 3 4 5 1 2 3 44 5 1 2 3 4 5
4 21 22 23 24 27 28 29 31 30 32 34 35 34 35 38 40 48 60 63 60 48 41 38 35 34 32 31 30 28 25 28 24 22 20 18 18 16 13 4 5 1 2 3 14 5
5 1 21 3 4 5 1 2 3 4 5 1 2 3 4 5 1 48 48 48 48 10 48 48 48 34 48 48 48 48 5 1 2 3 4 5 1 2 3 4 5 1 32 3 4 5
6 1 2 3 4 5 1 2 3 4 5 1 2 3 4 5 48 48 48 48 48 48 48 48 48 48 48 48 4 48 48 1 2 3 4 5 1 2 3 4 55 1 2 3 4 5
7 1 2 3 14 5 1 2 3 4 5 1 2 3 4 48 48 48 41 42 43 41 42 43 4 48 48 46 48 48 48 48 2 3 4 51 1 2 3 4 5 1 2 3 4 5
8 1 2 3 4 5 1 2 3 4 5 1 2 3 48 41 48 44 48 48 45 48 44 48 48 48 48 48 48 48 4 4 48 3 4 5 1 2 3 4 5 1 2 3 4 5
9 1 2 3 4 15 1 12 3 4 5 1 2 48 48 48 48 60 48 48 48 48 48 61 62 48 48 48 48 8 7 48 48 48 4 5 1 2 3 4 5 1 2 13 4 5
10 1 2 3 4 5 1 2 3 4 5 1 48 48 48 5 48 48 48 3 48 48 48 48 48 6 48 48 47 48 8 48 48 48 48 5 1 12 3 4 5 1 2 3 4 5
1 1 52 3 4 5 1 12 3 4 5 48 48 58 48 48 48 48 48 48 28 38 48 48 48 48 48 48 8 48 48 28 48 48 48 48 1 2 3 4 5 11 2 3 4 5
2 1 2 3 4 5 1 2 3 4 48 48 58 48 48 48 40 48 47 48 48 48 41 48 42 48 52 48 4 8 5 48 48 48 38 48 48 48 3 4 5 1 2 3 14 5
3 21 22 23 24 27 28 29 31 30 32 34 35 34 35 38 40 48 60 63 60 48 41 38 35 34 32 31 30 28 25 28 24 22 20 18 18 16 13 4 5 1 2 3 14 5
4 1 2 3 4 5 1 2 48 48 48 48 48 48 4 48 48 48 48 58 58 58 38 38 58 48 58 58 28 24 14 48 48 48 48 48 48 48 48 4 5 1 2 3 4 5
5 1 2 48 41 48 42 48 43 8 48 60 48 48 48 48 41 42 48 43 48 46 48 45 48 40 48 4 3 48 30 48 48 48 8 48 48 48 38 48 48 28 48 48 4 5
6 1 2 3 4 5 1 2 48 48 48 48 48 48 48 48 48 63 48 63 48 48 48 48 4 48 48 48 8 4 48 48 48 48 48 18 48 48 48 4 5 1 2 3 4 5
7 1 2 3 4 5 1 2 3 48 48 8 48 48 42 48 48 18 48 48 48 48 63 48 48 48 48 48 48 8 8 48 48 48 5 48 48 48 3 4 5 1 2 3 4 5
8 1 2 3 4 5 13 2 3 4 48 48 62 48 55 48 48 48 4 7 8 48 48 48 54 48 58 48 48 4 4 8 48 48 48 48 48 2 3 4 5 11 2 3 4 5
9 1 2 3 4 5 1 2 3 4 5 48 48 48 48 48 48 48 28 8 48 48 48 48 48 48 18 48 48 6 4 8 4 48 48 48 1 2 3 4 5 1 2 3 4 5
10 1 2 3 4 5 1 2 3 4 5 1 48 48 48 48 3 48 48 48 48 48 48 18 48 48 48 48 48 48 48 8 4 48 48 5 1 2 3 4 5 1 12 3 4 5
1 21 22 23 24 27 28 29 31 30 32 34 35 34 35 38 40 48 60 63 60 48 41 38 35 34 32 31 30 28 25 28 24 22 20 18 18 16 13 4 5 1 2 3 14 5
2 1 2 3 4 5 1 2 3 4 5 1 2 48 48 48 48 48 18 48 48 48 48 48 48 48 48 48 8 48 48 8 4 48 4 5 1 2 3 14 15 1 2 3 4 5
3 11 2 3 4 5 1 2 3 4 5 1 2 3 48 48 48 48 48 48 48 48 48 48 48 48 48 48 48 48 48 8 4 3 4 5 1 2 3 4 5 1 2 3 4 5
4 1 2 3 4 15 1 2 3 4 5 1 2 3 4 48 48 41 42 43 48 40 48 42 48 43 48 44 48 28 48 48 2 3 4 5 1 2 3 4 55 1 2 3 4 5
5 1 2 3 42 55 1 42 3 4 5 1 2 3 4 5 4 4 4 4 4 4 4 4 4 4 4 4 4 4 4 1 2 3 4 5 1 2 3 4 5 1 2 3 4 5
6 1 2 3 4 5 1 2 3 4 5 1 2 3 4 5 1 48 48 58 4 1 8 4 1 48 2 4 8 48 5 1 2 3 4 5 1 2 3 4 5 1 2 3 4 5
7 1 2 3 4 5 1 2 3 4 5 13 2 3 4 5 1 2 48 48 8 48 4 5 4 48 48 8 48 4 5 1 2 3 4 5 1 2 3 4 5 1 2 3 4 5
8 1 2 3 4 51 1 2 3 4 5 1 2 3 4 5 1 2 3 48 38 48 38 8 1 48 38 48 3 4 5 1 2 3 4 5 1 2 3 4 5 1 2 3 4 5
9 1 2 3 4 5 1 12 3 4 5 1 2 3 4 5 1 2 3 4 48 48 48 48 48 48 48 2 3 4 5 1 2 3 4 5 1 2 3 4 5 1 2 3 4 5
10 1 2 3 4 5 1 2 3 4 5 1 2 3 4 5 1 2 3 4 5 48 48 18 48 48 1 2 3 4 5 1 2 3 4 5 1 2 3 4 5 1 2 3 4 5
1 1 2 44 44 44 1 2 3 4 5 1 12 3 4 5 1 2 3 4 5 1 48 48 48 5 1 2 3 4 5 1 2 3 4 55 1 2 3 4 55 1 2 3 4 5
2 1 2 43 4 5 1 2 3 4 55 51 12 3 4 5 1 2 3 4 5 1 2 48 4 5 1 2 3 4 5 1 2 3 4 5 1 2 3 4 5 1 2 3 4 5
3 1 2 43 44 45 51 2 3 4 5 1 2 3 4 5 1 2 3 4 5 1 2 48 4 5 1 2 3 4 5 1 2 3 43 5 1 2 3 4 5 1 2 3 4 5
4 1 2 43 4 5 1 2 3 4 5 1 2 3 14 5 1 2 3 4 5 1 2 48 4 5 1 2 3 4 5 1 2 39 54 5 1 2 43 4 5 1 2 33 4 5
5 1 2 43 4 5 11 2 3 44 5 1 2 3 4 5 1 2 3 4 5 1 2 48 4 5 1 2 3 4 5 1 2 3 4 5 1 2 3 4 5 1 2 3 4 5
6 1 2 43 4 5 1 2 3 4 5 1 2 3 4 5 1 2 3 4 5 1 2 3 4 5 1 2 3 4 5 1 2 3 4 5 1 2 3 4 5 1 2 3 4 5
