42 31 0 140
1
13
2 13
7 17

2
25
3 5
20 9

3
2
3 22
4 22

4
4
4 3
5 4

5
2
4 19
5 19

6
17
4 26
18 27

7
1
5 23
5 23

8
1
6 20
6 20

9
1
6 22
6 22

10
1
7 21
7 21

11
15
8 5
21 6

12
11
8 14
17 15

13
11
8 21
17 22

14
3
8 29
10 29

15
35
13 23
29 30

16
1
14 20
14 20

17
9
15 15
19 18

18
1
15 19
15 19

19
1
18 20
18 20

20
3
19 18
20 19

21
2
19 21
20 21

22
138
21 10
36 24

23
1
21 22
21 22

24
10
22 5
27 8

25
2
22 23
22 24

26
3
24 8
24 10

27
1
28 5
28 5

28
1
28 9
28 9

29
11
29 25
33 29

30
1
32 4
32 4

31
2
33 5
34 5

32
2
35 6
36 6

33
1
36 4
36 4

34
1
36 9
36 9

35
5
36 23
38 25

36
10
37 3
40 7

37
1
37 8
37 8

38
12
38 20
41 26

39
7
39 15
41 17

40
2
41 18
41 19

